endividamento
16.51
16.84
17.2
17.6
17.96
18.12
18.4
18.85
19.11
19.37
19.61
19.56
19.89
20.11
20.45
20.78
21.07
21.16
21.39
21.65
21.74
21.85
22.07
21.98
22.28
22.48
22.04
22.36
22.88
23.09
23.57
23.77
23.97
24.56
24.88
24.96
25.29
25.5
25.99
26.45
26.8
26.92
27.15
27.25
27.41
27.78
27.46
27.44
27.26
27.26
27.32
27.49
27.85
28.01
28.15
28.42
28.76
28.93
29.12
29.45
29.82
29.95
30.35
30.7
31.19
31.41
32.03
32.34
32.65
32.94
33.46
33.97
34.1
34.23
34.86
34.9
35.12
35.29
35.36
35.97
36.27
36.43
36.46
36.53
36.8
36.82
36.91
37.01
37.2
37.4
37.53
37.7
37.49
37.67
37.84
38
38.19
38.27
38.15
38.27
38.36
38.35
38.52
38.65
38.46
38.32
38.31
38.32
38.39
38.36
38.24
38.22
38.37
38.53
38.6
38.66
38.76
38.96
38.95
39.25
39.67
39.7
39.79
40.08
40.08
40.14
40.42
40.61
40.84
40.85
40.57
40.07
40.09
39.78
39.61
39.31
39.21
39.06
38.86
38.77
38.53
38.25
38.26
38.16
38.06
37.96
37.87
37.52
37.43
37.36
37.36
37.41
37.28
37.33
37.4
37.25
37.33
37.33
37.36
37.58
37.85
37.94
37.91
38.09
38.11
38.36
38.8
39.03
39.29
39.58
39.63
39.87
40.17
40.59
40.74
41.12
41.21
41.32
41.54
41.45
41.56
41.56
41.65
40.9
40.03
39.38
39.22
39.18
39.52
40.08
40.88
41.64
41.95
42.19
42.43
42.92
43.93
44.58
45.24
46.47
47.52
48.33
49.2
49.66
49.82
49.75
49.83
49.9
49.82
49.86
50.09
49.65
49.51
49.66
49.52
48.97
48.88
48.71
48.6
48.7
49.02
48.6
48.22
48.44
48.22
48.26
48.19
47.77
48
47.85
