Reservas internacionais
297.696
307.516
317.146
328.062
333.017
335.775
346.144
353.397
349.708
352.928
352.073
352.012
355.075
356.330
365.216
374.272
372.409
373.910
376.154
377.221
378.726
377.753
378.560
373.147
373.417
373.742
376.934
378.665
374.417
369.402
371.966
367.002
368.654
364.505
362.410
358.808
360.936
362.691
363.914
366.717
368.752
373.516
376.792
379.157
375.513
375.833
375.426
363.551
361.767
362.547
362.744
364.473
366.647
368.668
368.252
368.159
361.370
361.230
357.016
356.464
357.507
359.368
357.698
362.201
363.447
364.152
369.340
369.541
370.417
367.528
365.556
365.016
367.708
368.981
370.111
374.945
376.491
377.175
381.029
381.843
381.244
380.351
381.056
373.972
375.701
377.035
379.577
379.979
382.549
379.500
379.444
381.393
380.738
380.290
379.722
374.715
376.984
378.448
384.165
383.799
386.162
388.092
385.730
386.478
376.434
369.836
366.376
356.884
359.394
362.460
343.165
339.317
345.706
348.781
354.664
356.092
356.606
354.546
356.004
355.620
355.416
356.070
347.413
350.996
353.448
352.486
355.671
370.395
368.886
367.927
367.772
362.204
358.398
357.740
353.169
345.097
346.415
341.958
346.403
339.664
327.580
325.546
331.505
324.703
331.122
328.098
341.158
345.725
343.489
343.620
345.476
344.177
340.324
340.247
348.406
355.034
355.066
352.705
355.008
351.599
